13.600 33.300
10.430 33.770
13.090 33.400
15.400 33.680
19.020 33.466
14.060 33.540
14.550 33.610
14.610 33.440
17.330 33.530
14.780 33.320
11.140 33.478
12.160 33.480
14.800 33.570
15.640 33.580
13.060 33.580
17.400 34.120
16.900 33.730
18.610 33.720
15.700 33.690
14.030 33.780
15.750 32.870
11.730 33.100
15.120 33.530
18.930 33.319
15.590 33.670
18.280 33.660
14.720 33.710
15.710 33.710
16.720 33.700
17.960 33.490
15.790 33.630
14.050 33.190
14.370 33.610
15.110 33.260
17.890 33.470
16.980 33.690
14.780 33.560
13.950 33.620
17.260 33.650
12.200 32.880
16.850 35.310
12.300 32.730
12.950 33.490
16.590 35.330
23.570 35.270
16.620 33.600
12.350 32.940
17.090 33.240
19.490 33.671
10.350 32.570
14.600 33.450
13.930 33.300
11.740 33.400
11.880 33.850
15.420 33.540
15.440 33.390
18.000 33.470
13.120 33.480
18.500 33.680
12.050 33.570
14.470 33.580
14.900 33.630
13.480 32.980
18.050 33.540
17.660 33.596
12.300 33.227
11.650 33.650
10.940 33.500
10.500 32.490
11.030 32.970
16.100 35.200
14.780 33.580
19.370 33.599
13.370 33.130
13.080 33.480
15.620 33.670
14.530 33.100
19.410 33.660
20.090 33.760
22.930 35.230
17.750 33.502
14.780 33.570
13.940 33.760
14.330 33.430
13.680 33.010
11.710 33.580
20.810 33.830
15.270 33.520
15.090 33.440
13.180 33.480
15.130 33.580
13.980 33.450
15.260 33.470
11.510 33.460
18.470 33.520
14.180 33.580
13.200 33.500
18.210 33.670
16.740 33.300
11.940 33.780
13.740 33.510
11.600 33.640
11.950 33.780
20.070 34.190
17.020 34.120
16.050 33.530
12.170 33.770
16.650 33.870
15.860 33.550
13.390 33.030
15.120 33.340
17.340 33.720
12.220 32.930
15.300 33.500
17.510 33.399
9.340 32.810
15.110 33.460
16.310 33.520
17.580 33.620
14.000 33.470
15.680 33.700
23.090 34.150
12.810 34.040
14.260 33.380
16.690 33.580
13.350 33.530
11.490 33.480
17.790 33.350
18.190 33.700
13.290 33.540
15.280 33.420
12.840 33.470
18.140 33.750
15.680 33.510
17.110 33.720
14.150 32.855
14.900 33.550
17.960 33.390
14.780 33.450
17.710 33.660
14.530 33.360
16.960 33.530
14.070 33.240
15.910 33.560
15.250 33.640
16.510 33.680
17.600 33.620
12.580 33.550
18.050 33.560
14.850 33.610
15.170 33.430
16.250 33.150
15.290 33.640
15.530 33.670
12.670 32.810
18.420 33.790
22.000 35.340
16.130 33.540
10.800 33.520
20.260 33.990
16.060 33.700
22.480 35.120
14.220 33.540
15.310 33.570
12.940 33.410
17.500 33.950
19.950 33.480
13.510 33.340
22.290 34.570
24.280 35.130
16.500 33.690
15.860 33.540
19.460 33.690
21.940 34.350
14.210 33.490
11.040 33.860
17.960 34.040
16.410 33.650
14.910 33.600
18.840 33.653
17.510 33.520
14.690 32.910
15.970 32.870
15.470 33.680
16.170 33.620
18.030 33.309
14.550 33.470
14.680 33.490
14.250 33.590
17.580 33.410
14.150 33.760
14.330 33.620
17.140 33.700
15.190 33.460
15.530 33.280
13.710 33.090
15.050 33.220
16.320 33.660
16.960 33.440
17.300 32.720
16.450 34.050
13.770 33.770
12.920 32.820
12.330 33.490
19.990 33.810
23.010 34.660
12.810 32.900
12.610 33.430
18.700 33.780
19.020 33.860
14.130 33.520
11.900 33.370
26.150 34.520
14.380 33.480
12.910 32.657
17.470 33.600
13.930 33.590
15.000 33.630
16.320 33.060
14.550 33.550
15.150 33.520
16.470 33.900
16.520 33.460
13.100 33.320
15.230 33.810
13.970 33.600
20.660 34.130
19.060 33.740
14.110 33.500
15.400 33.650
13.450 33.560
15.350 33.520
13.430 32.662
13.890 33.160
16.960 33.450
13.660 33.530
11.550 33.520
13.340 33.480
14.960 33.660
14.930 33.320
17.580 33.640
14.120 33.550
21.480 34.880
17.920 33.630
11.720 33.370
15.270 33.720
16.130 33.550
16.010 33.610
15.870 33.860
14.510 33.430
16.380 33.660
15.060 33.560
21.160 33.620
14.520 33.410
13.890 33.600
18.800 33.620
14.550 33.570
18.680 33.440
17.340 33.680
11.950 33.670
17.860 33.540
15.510 33.370
16.900 33.840
14.200 33.510
16.060 33.760
18.240 32.950
17.050 33.700
14.090 33.560
11.280 32.840
10.940 32.470
23.420 34.870
13.440 33.280
16.120 33.100
11.640 32.920
15.180 33.260
10.410 33.240
14.050 33.370
14.050 33.280
14.430 33.490
17.300 33.368
11.080 33.590
19.200 34.010
15.340 33.360
13.470 33.140
17.980 33.283
9.850 32.490
17.900 33.890
16.660 35.350
18.400 33.590
27.780 34.530
9.080 32.730
16.920 33.310
12.250 33.130
17.390 33.490
16.640 33.550
15.390 33.360
18.330 33.540
15.550 33.650
17.730 33.970
18.030 33.350
17.750 33.650
16.740 34.100
16.350 32.890
19.000 33.550
14.500 33.620
17.450 33.410
13.230 33.180
11.640 33.150
12.250 33.490
13.160 33.390
18.640 33.320
12.030 33.301
11.960 33.760
17.900 33.610
11.590 32.910
22.280 34.800
24.850 35.270
17.540 33.640
17.390 33.390
12.560 32.640
15.140 33.590
11.580 33.440
14.130 33.540
15.290 33.730
13.200 33.690
23.140 35.530
19.490 33.636
17.280 33.670
15.040 33.470
18.810 33.620
11.820 33.360
16.570 33.560
16.840 35.510
12.320 33.530
16.650 35.820
18.410 33.662
18.690 33.540
9.930 33.437
12.240 33.530
13.780 33.510
19.030 33.790
12.850 32.940
19.830 34.140
13.340 33.580
16.950 33.050
13.810 32.721
14.680 33.200
17.630 33.050
19.360 35.000
14.060 33.290
19.970 33.540
12.750 33.470
19.350 33.491
14.250 33.570
14.000 33.320
15.670 33.500
14.260 33.480
23.070 34.530
11.890 32.750
12.000 33.650
19.590 33.510
12.680 33.530
11.260 33.530
15.420 33.560
15.830 33.610
19.040 33.620
16.670 33.670
15.380 33.710
17.020 33.510
18.020 33.780
15.940 33.910
17.810 33.350
14.290 33.440
16.510 33.860
16.610 34.270
18.260 33.205
16.870 33.650
14.660 33.260
13.850 33.570
10.860 33.850
17.920 33.570
15.580 33.640
18.650 33.740
15.720 33.430
15.100 33.630
10.940 33.620
15.480 33.380
14.540 33.810
14.540 33.600
13.400 32.990
14.870 33.250
15.000 33.630
13.430 33.750
12.900 33.500
13.730 33.650
16.180 33.470
11.690 33.400
15.490 33.610
21.700 34.540
20.480 34.010
14.040 33.060
12.630 33.780
15.130 33.190
11.320 32.940
13.730 33.540
14.830 33.750
13.560 33.360
18.930 33.385
16.420 33.610
14.850 33.550
11.850 32.570
13.800 33.440
16.600 33.670
12.830 33.450
23.020 34.660
15.470 33.670
12.780 33.140
21.520 34.540
15.230 33.500
12.880 33.480
9.500 32.640
14.230 33.600
12.740 33.570
14.260 33.630
10.210 33.140
10.790 33.550
14.650 33.250
12.040 33.510
15.070 33.650
17.610 33.810
15.800 33.410
11.470 33.510
13.450 33.440
16.500 33.810
16.940 33.330
16.360 33.590
11.780 32.730
11.870 33.540
11.200 32.530
21.420 34.090
16.430 33.560
17.890 34.250
16.880 33.570
16.230 33.440
15.520 33.760
16.310 33.570
21.720 34.550
11.210 32.684
14.070 33.710
14.940 33.220
18.360 33.610
15.450 33.730
13.980 32.690
21.350 34.010
15.100 33.290
17.210 33.860
12.830 32.800
17.860 33.460
19.420 33.730
12.390 33.310
16.230 33.500
15.510 33.610
14.890 33.200
14.300 33.450
12.370 31.930
13.460 33.330
13.750 33.930
11.680 33.820
16.370 35.410
21.670 33.860
16.640 33.660
13.150 33.500
14.080 33.550
14.960 33.570
21.960 33.890
16.680 33.660
13.930 33.710
14.860 33.300
